-20 1.10577e-06 5.90484e-06 1.32248e-31 0.591093 0.4089 0 
-19.975 1.1338e-06 6.05447e-06 1.46171e-31 0.591093 0.4089 0 
-19.9499 1.16253e-06 6.20789e-06 1.6156e-31 0.591093 0.4089 0 
-19.9249 1.19199e-06 6.36521e-06 1.7857e-31 0.591093 0.4089 0 
-19.8999 1.22219e-06 6.5265e-06 1.9737e-31 0.591093 0.4089 0 
-19.8749 1.25316e-06 6.69189e-06 2.18149e-31 0.591093 0.408899 0 
-19.8498 1.28492e-06 6.86147e-06 2.41116e-31 0.591092 0.408899 0 
-19.8248 1.31748e-06 7.03534e-06 2.66501e-31 0.591092 0.408899 0 
-19.7998 1.35086e-06 7.21362e-06 2.94559e-31 0.591092 0.408899 0 
-19.7748 1.3851e-06 7.39642e-06 3.2557e-31 0.591092 0.408899 0 
-19.7497 1.4202e-06 7.58384e-06 3.59847e-31 0.591092 0.408899 0 
-19.7247 1.45618e-06 7.77602e-06 3.97732e-31 0.591092 0.408899 0 
-19.6997 1.49308e-06 7.97307e-06 4.39606e-31 0.591092 0.408899 0 
-19.6747 1.53092e-06 8.17511e-06 4.85888e-31 0.591092 0.408899 0 
-19.6496 1.56971e-06 8.38228e-06 5.37043e-31 0.591091 0.408899 0 
-19.6246 1.60949e-06 8.59469e-06 5.93583e-31 0.591091 0.408899 0 
-19.5996 1.65028e-06 8.81248e-06 6.56076e-31 0.591091 0.408898 0 
-19.5746 1.6921e-06 9.03579e-06 7.25149e-31 0.591091 0.408898 0 
-19.5495 1.73497e-06 9.26476e-06 8.01494e-31 0.591091 0.408898 0 
-19.5245 1.77894e-06 9.49954e-06 8.85876e-31 0.591091 0.408898 0 
-19.4995 1.82402e-06 9.74026e-06 9.79142e-31 0.59109 0.408898 0 
-19.4745 1.87024e-06 9.98708e-06 1.08223e-30 0.59109 0.408898 0 
-19.4494 1.91763e-06 1.02402e-05 1.19617e-30 0.59109 0.408898 0 
-19.4244 1.96623e-06 1.04997e-05 1.3221e-30 0.59109 0.408898 0 
-19.3994 2.01605e-06 1.07657e-05 1.46129e-30 0.59109 0.408897 0 
-19.3744 2.06714e-06 1.10385e-05 1.61514e-30 0.59109 0.408897 0 
-19.3493 2.11952e-06 1.13182e-05 1.78518e-30 0.591089 0.408897 0 
-19.3243 2.17323e-06 1.16051e-05 1.97313e-30 0.591089 0.408897 0 
-19.2993 2.2283e-06 1.18991e-05 2.18086e-30 0.591089 0.408897 0 
-19.2743 2.28477e-06 1.22007e-05 2.41046e-30 0.591089 0.408897 0 
-19.2492 2.34267e-06 1.25098e-05 2.66424e-30 0.591089 0.408897 0 
-19.2242 2.40203e-06 1.28268e-05 2.94473e-30 0.591088 0.408896 0 
-19.1992 2.4629e-06 1.31519e-05 3.25476e-30 0.591088 0.408896 0 
-19.1742 2.52531e-06 1.34851e-05 3.59742e-30 0.591088 0.408896 0 
-19.1491 2.5893e-06 1.38269e-05 3.97617e-30 0.591088 0.408896 0 
-19.1241 2.65491e-06 1.41772e-05 4.39478e-30 0.591087 0.408896 0 
-19.0991 2.72219e-06 1.45365e-05 4.85747e-30 0.591087 0.408896 0 
-19.0741 2.79117e-06 1.49049e-05 5.36887e-30 0.591087 0.408895 0 
-19.049 2.8619e-06 1.52826e-05 5.93411e-30 0.591087 0.408895 0 
-19.024 2.93442e-06 1.56698e-05 6.55886e-30 0.591086 0.408895 0 
-18.999 3.00878e-06 1.60669e-05 7.24938e-30 0.591086 0.408895 0 
-18.974 3.08503e-06 1.6474e-05 8.0126e-30 0.591086 0.408895 0 
-18.9489 3.1632e-06 1.68915e-05 8.85618e-30 0.591085 0.408895 0 
-18.9239 3.24336e-06 1.73195e-05 9.78856e-30 0.591085 0.408894 0 
-18.8989 3.32554e-06 1.77584e-05 1.08191e-29 0.591085 0.408894 0 
-18.8739 3.40981e-06 1.82084e-05 1.19582e-29 0.591085 0.408894 0 
-18.8488 3.49622e-06 1.86698e-05 1.32171e-29 0.591084 0.408894 0 
-18.8238 3.58481e-06 1.91429e-05 1.46086e-29 0.591084 0.408893 0 
-18.7988 3.67565e-06 1.9628e-05 1.61466e-29 0.591084 0.408893 0 
-18.7738 3.7688e-06 2.01254e-05 1.78466e-29 0.591083 0.408893 0 
-18.7487 3.8643e-06 2.06354e-05 1.97255e-29 0.591083 0.408893 0 
-18.7237 3.96222e-06 2.11583e-05 2.18022e-29 0.591082 0.408892 0 
-18.6987 4.06262e-06 2.16944e-05 2.40976e-29 0.591082 0.408892 0 
-18.6737 4.16557e-06 2.22441e-05 2.66346e-29 0.591082 0.408892 0 
-18.6486 4.27113e-06 2.28078e-05 2.94387e-29 0.591081 0.408892 0 
-18.6236 4.37936e-06 2.33858e-05 3.2538e-29 0.591081 0.408891 0 
-18.5986 4.49033e-06 2.39784e-05 3.59636e-29 0.59108 0.408891 0 
-18.5736 4.60412e-06 2.4586e-05 3.97499e-29 0.59108 0.408891 0 
-18.5485 4.72078e-06 2.5209e-05 4.39348e-29 0.59108 0.40889 0 
-18.5235 4.84041e-06 2.58478e-05 4.85603e-29 0.591079 0.40889 0 
-18.4985 4.96306e-06 2.65028e-05 5.36728e-29 0.591079 0.40889 0 
-18.4735 5.08883e-06 2.71743e-05 5.93235e-29 0.591078 0.40889 0 
-18.4484 5.21778e-06 2.78629e-05 6.55691e-29 0.591078 0.408889 0 
-18.4234 5.35e-06 2.8569e-05 7.24722e-29 0.591077 0.408889 0 
-18.3984 5.48557e-06 2.92929e-05 8.01021e-29 0.591077 0.408888 0 
-18.3734 5.62457e-06 3.00352e-05 8.85353e-29 0.591076 0.408888 0 
-18.3483 5.76709e-06 3.07963e-05 9.78564e-29 0.591076 0.408888 0 
-18.3233 5.91323e-06 3.15767e-05 1.08159e-28 0.591075 0.408887 0 
-18.2983 6.06307e-06 3.23768e-05 1.19546e-28 0.591075 0.408887 0 
-18.2733 6.21671e-06 3.31972e-05 1.32132e-28 0.591074 0.408887 0 
-18.2482 6.37424e-06 3.40384e-05 1.46042e-28 0.591073 0.408886 0 
-18.2232 6.53576e-06 3.4901e-05 1.61418e-28 0.591073 0.408886 0 
-18.1982 6.70137e-06 3.57853e-05 1.78412e-28 0.591072 0.408885 0 
-18.1732 6.87119e-06 3.66921e-05 1.97195e-28 0.591072 0.408885 0 
-18.1481 7.0453e-06 3.76219e-05 2.17956e-28 0.591071 0.408884 0 
-18.1231 7.22382e-06 3.85752e-05 2.40903e-28 0.59107 0.408884 0 
-18.0981 7.40687e-06 3.95527e-05 2.66265e-28 0.59107 0.408884 0 
-18.0731 7.59456e-06 4.05549e-05 2.94297e-28 0.591069 0.408883 0 
-18.048 7.787e-06 4.15826e-05 3.25281e-28 0.591068 0.408883 0 
-18.023 7.98432e-06 4.26363e-05 3.59527e-28 0.591067 0.408882 0 
-17.998 8.18664e-06 4.37167e-05 3.97378e-28 0.591067 0.408881 0 
-17.973 8.39408e-06 4.48244e-05 4.39214e-28 0.591066 0.408881 0 
-17.9479 8.60678e-06 4.59602e-05 4.85454e-28 0.591065 0.40888 0 
-17.9229 8.82488e-06 4.71248e-05 5.36563e-28 0.591064 0.40888 0 
-17.8979 9.04849e-06 4.83189e-05 5.93052e-28 0.591063 0.408879 0 
-17.8729 9.27777e-06 4.95433e-05 6.55488e-28 0.591063 0.408879 0 
-17.8478 9.51287e-06 5.07987e-05 7.24498e-28 0.591062 0.408878 0 
-17.8228 9.75391e-06 5.20859e-05 8.00773e-28 0.591061 0.408877 0 
-17.7978 1.00011e-05 5.34057e-05 8.85079e-28 0.59106 0.408877 0 
-17.7728 1.02545e-05 5.4759e-05 9.78259e-28 0.591059 0.408876 0 
-17.7477 1.05143e-05 5.61465e-05 1.08125e-27 0.591058 0.408875 0 
-17.7227 1.07808e-05 5.75692e-05 1.19508e-27 0.591057 0.408875 0 
-17.6977 1.10539e-05 5.9028e-05 1.3209e-27 0.591056 0.408874 0 
-17.6727 1.1334e-05 6.05237e-05 1.45997e-27 0.591055 0.408873 0 
-17.6476 1.16212e-05 6.20573e-05 1.61367e-27 0.591054 0.408873 0 
-17.6226 1.19157e-05 6.36297e-05 1.78356e-27 0.591053 0.408872 0 
-17.5976 1.22176e-05 6.5242e-05 1.97133e-27 0.591052 0.408871 0 
-17.5726 1.25272e-05 6.68952e-05 2.17887e-27 0.59105 0.40887 0 
-17.5475 1.28446e-05 6.85902e-05 2.40826e-27 0.591049 0.408869 0 
-17.5225 1.31701e-05 7.03282e-05 2.6618e-27 0.591048 0.408869 0 
-17.4975 1.35038e-05 7.21102e-05 2.94203e-27 0.591047 0.408868 0 
-17.4725 1.3846e-05 7.39374e-05 3.25177e-27 0.591045 0.408867 0 
-17.4474 1.41968e-05 7.58109e-05 3.59411e-27 0.591044 0.408866 0 
-17.4224 1.45565e-05 7.77318e-05 3.97249e-27 0.591043 0.408865 0 
-17.3974 1.49254e-05 7.97014e-05 4.39071e-27 0.591041 0.408864 0 
-17.3724 1.53035e-05 8.17209e-05 4.85296e-27 0.59104 0.408863 0 
-17.3473 1.56913e-05 8.37915e-05 5.36388e-27 0.591038 0.408862 0 
-17.3223 1.60889e-05 8.59147e-05 5.92858e-27 0.591037 0.408861 0 
-17.2973 1.64966e-05 8.80916e-05 6.55273e-27 0.591035 0.40886 0 
-17.2723 1.69145e-05 9.03237e-05 7.24259e-27 0.591034 0.408859 0 
-17.2472 1.73431e-05 9.26123e-05 8.00508e-27 0.591032 0.408858 0 
-17.2222 1.77826e-05 9.49589e-05 8.84785e-27 0.591031 0.408857 0 
-17.1972 1.82331e-05 9.73649e-05 9.77933e-27 0.591029 0.408855 0 
-17.1722 1.86951e-05 9.9832e-05 1.08089e-26 0.591027 0.408854 0 
-17.1471 1.91688e-05 0.000102361 1.19468e-26 0.591025 0.408853 0 
-17.1221 1.96545e-05 0.000104955 1.32046e-26 0.591024 0.408852 0 
-17.0971 2.01525e-05 0.000107614 1.45947e-26 0.591022 0.40885 0 
-17.0721 2.06631e-05 0.000110341 1.61312e-26 0.59102 0.408849 0 
-17.047 2.11867e-05 0.000113137 1.78295e-26 0.591018 0.408848 0 
-17.022 2.17235e-05 0.000116003 1.97065e-26 0.591016 0.408846 0 
-16.997 2.22739e-05 0.000118943 2.17812e-26 0.591014 0.408845 0 
-16.972 2.28382e-05 0.000121956 2.40743e-26 0.591012 0.408844 0 
-16.9469 2.34169e-05 0.000125046 2.66087e-26 0.59101 0.408842 0 
-16.9219 2.40102e-05 0.000128215 2.941e-26 0.591007 0.40884 0 
-16.8969 2.46186e-05 0.000131463 3.25062e-26 0.591005 0.408839 0 
-16.8719 2.52423e-05 0.000134794 3.59284e-26 0.591003 0.408837 0 
-16.8468 2.58819e-05 0.000138209 3.97108e-26 0.591 0.408836 0 
-16.8218 2.65376e-05 0.000141711 4.38915e-26 0.590998 0.408834 0 
-16.7968 2.721e-05 0.000145301 4.85122e-26 0.590995 0.408832 0 
-16.7718 2.78994e-05 0.000148983 5.36194e-26 0.590993 0.40883 0 
-16.7467 2.86062e-05 0.000152757 5.92643e-26 0.59099 0.408829 0 
-16.7217 2.9331e-05 0.000156628 6.55034e-26 0.590987 0.408827 0 
-16.6967 3.00741e-05 0.000160596 7.23994e-26 0.590985 0.408825 0 
-16.6717 3.08361e-05 0.000164665 8.00213e-26 0.590982 0.408823 0 
-16.6466 3.16174e-05 0.000168837 8.84457e-26 0.590979 0.408821 0 
-16.6216 3.24184e-05 0.000173114 9.77569e-26 0.590976 0.408819 0 
-16.5966 3.32397e-05 0.0001775 1.08048e-25 0.590973 0.408817 0 
-16.5716 3.40819e-05 0.000181997 1.19423e-25 0.59097 0.408814 0 
-16.5465 3.49453e-05 0.000186608 1.31996e-25 0.590966 0.408812 0 
-16.5215 3.58307e-05 0.000191336 1.45891e-25 0.590963 0.40881 0 
-16.4965 3.67384e-05 0.000196183 1.6125e-25 0.59096 0.408807 0 
-16.4715 3.76692e-05 0.000201154 1.78226e-25 0.590956 0.408805 0 
-16.4464 3.86235e-05 0.00020625 1.96988e-25 0.590953 0.408803 0 
-16.4214 3.9602e-05 0.000211475 2.17726e-25 0.590949 0.4088 0 
-16.3964 4.06053e-05 0.000216832 2.40647e-25 0.590945 0.408797 0 
-16.3714 4.1634e-05 0.000222326 2.65981e-25 0.590941 0.408795 0 
-16.3463 4.26888e-05 0.000227958 2.93982e-25 0.590937 0.408792 0 
-16.3213 4.37703e-05 0.000233733 3.24931e-25 0.590933 0.408789 0 
-16.2963 4.48791e-05 0.000239654 3.59138e-25 0.590929 0.408786 0 
-16.2713 4.60161e-05 0.000245726 3.96945e-25 0.590925 0.408783 0 
-16.2462 4.71818e-05 0.000251951 4.38733e-25 0.59092 0.40878 0 
-16.2212 4.8377e-05 0.000258333 4.8492e-25 0.590916 0.408777 0 
-16.1962 4.96026e-05 0.000264878 5.35969e-25 0.590911 0.408774 0 
-16.1712 5.08591e-05 0.000271588 5.92392e-25 0.590907 0.408771 0 
-16.1461 5.21475e-05 0.000278468 6.54755e-25 0.590902 0.408768 0 
-16.1211 5.34685e-05 0.000285522 7.23682e-25 0.590897 0.408764 0 
-16.0961 5.4823e-05 0.000292755 7.99866e-25 0.590892 0.408761 0 
-16.0711 5.62118e-05 0.000300171 8.84069e-25 0.590887 0.408757 0 
-16.046 5.76357e-05 0.000307775 9.77136e-25 0.590881 0.408753 0 
-16.021 5.90957e-05 0.000315571 1.08e-24 0.590876 0.40875 0 
-15.996 6.05926e-05 0.000323565 1.19369e-24 0.59087 0.408746 0 
-15.971 6.21275e-05 0.000331761 1.31935e-24 0.590864 0.408742 0 
-15.9459 6.37012e-05 0.000340164 1.45824e-24 0.590859 0.408738 0 
-15.9209 6.53148e-05 0.000348781 1.61175e-24 0.590853 0.408733 0 
-15.8959 6.69692e-05 0.000357616 1.78142e-24 0.590846 0.408729 0 
-15.8709 6.86655e-05 0.000366674 1.96895e-24 0.59084 0.408725 0 
-15.8458 7.04048e-05 0.000375961 2.17622e-24 0.590833 0.40872 0 
-15.8208 7.21881e-05 0.000385484 2.40531e-24 0.590827 0.408716 0 
-15.7958 7.40165e-05 0.000395248 2.65852e-24 0.59082 0.408711 0 
-15.7708 7.58912e-05 0.000405259 2.93837e-24 0.590813 0.408706 0 
-15.7457 7.78134e-05 0.000415524 3.24769e-24 0.590806 0.408701 0 
-15.7207 7.97843e-05 0.000426048 3.58957e-24 0.590798 0.408696 0 
-15.6957 8.1805e-05 0.000436839 3.96743e-24 0.590791 0.408691 0 
-15.6707 8.38769e-05 0.000447903 4.38507e-24 0.590783 0.408685 0 
-15.6456 8.60013e-05 0.000459247 4.84667e-24 0.590775 0.40868 0 
-15.6206 8.81794e-05 0.000470878 5.35686e-24 0.590767 0.408674 0 
-15.5956 9.04127e-05 0.000482804 5.92076e-24 0.590758 0.408668 0 
-15.5706 9.27024e-05 0.000495031 6.54401e-24 0.59075 0.408662 0 
-15.5455 9.50502e-05 0.000507568 7.23287e-24 0.590741 0.408656 0 
-15.5205 9.74573e-05 0.000520422 7.99423e-24 0.590732 0.40865 0 
-15.4955 9.99254e-05 0.000533602 8.83574e-24 0.590723 0.408644 0 
-15.4705 0.000102456 0.000547115 9.76582e-24 0.590713 0.408637 0 
-15.4454 0.000105051 0.00056097 1.07938e-23 0.590704 0.40863 0 
-15.4204 0.000107711 0.000575176 1.193e-23 0.590694 0.408623 0 
-15.3954 0.000110438 0.000589741 1.31858e-23 0.590683 0.408616 0 
-15.3704 0.000113235 0.000604675 1.45737e-23 0.590673 0.408609 0 
-15.3453 0.000116102 0.000619986 1.61078e-23 0.590662 0.408602 0 
-15.3203 0.000119042 0.000635685 1.78033e-23 0.590651 0.408594 0 
-15.2953 0.000122056 0.000651782 1.96773e-23 0.59064 0.408586 0 
-15.2703 0.000125147 0.000668285 2.17485e-23 0.590628 0.408578 0 
-15.2452 0.000128316 0.000685206 2.40378e-23 0.590616 0.40857 0 
-15.2202 0.000131565 0.000702555 2.65679e-23 0.590604 0.408562 0 
-15.1952 0.000134896 0.000720344 2.93644e-23 0.590592 0.408553 0 
-15.1702 0.000138311 0.000738582 3.24553e-23 0.590579 0.408544 0 
-15.1451 0.000141813 0.000757281 3.58714e-23 0.590566 0.408535 0 
-15.1201 0.000145403 0.000776453 3.96471e-23 0.590552 0.408526 0 
-15.0951 0.000149084 0.000796111 4.38202e-23 0.590539 0.408516 0 
-15.0701 0.000152859 0.000816265 4.84325e-23 0.590524 0.408506 0 
-15.045 0.000156728 0.000836929 5.35302e-23 0.59051 0.408496 0 
-15.02 0.000160696 0.000858116 5.91645e-23 0.590495 0.408486 0 
-14.995 0.000164764 0.000879839 6.53917e-23 0.59048 0.408476 0 
-14.97 0.000168935 0.000902111 7.22743e-23 0.590464 0.408465 0 
-14.9449 0.000173211 0.000924946 7.98813e-23 0.590448 0.408454 0 
-14.9199 0.000177595 0.000948358 8.82889e-23 0.590432 0.408442 0 
-14.8949 0.00018209 0.000972363 9.75813e-23 0.590415 0.408431 0 
-14.8699 0.000186699 0.000996974 1.07852e-22 0.590398 0.408419 0 
-14.8448 0.000191425 0.00102221 1.19203e-22 0.59038 0.408406 0 
-14.8198 0.000196269 0.00104808 1.31749e-22 0.590362 0.408394 0 
-14.7948 0.000201237 0.0010746 1.45615e-22 0.590343 0.408381 0 
-14.7698 0.00020633 0.0011018 1.6094e-22 0.590324 0.408368 0 
-14.7447 0.000211551 0.00112968 1.77878e-22 0.590304 0.408354 0 
-14.7197 0.000216905 0.00115827 1.96599e-22 0.590284 0.40834 0 
-14.6947 0.000222393 0.00118758 2.1729e-22 0.590264 0.408326 0 
-14.6697 0.000228021 0.00121763 2.40158e-22 0.590243 0.408312 0 
-14.6446 0.00023379 0.00124844 2.65432e-22 0.590221 0.408297 0 
-14.6196 0.000239706 0.00128003 2.93366e-22 0.590199 0.408281 0 
-14.5946 0.000245771 0.00131242 3.2424e-22 0.590176 0.408266 0 
-14.5696 0.000251989 0.00134562 3.58362e-22 0.590153 0.408249 0 
-14.5445 0.000258364 0.00137966 3.96075e-22 0.590129 0.408233 0 
-14.5195 0.0002649 0.00141457 4.37756e-22 0.590105 0.408216 0 
-14.4945 0.000271601 0.00145035 4.83823e-22 0.590079 0.408199 0 
-14.4695 0.000278472 0.00148704 5.34737e-22 0.590054 0.408181 0 
-14.4444 0.000285516 0.00152465 5.91009e-22 0.590027 0.408163 0 
-14.4194 0.000292737 0.00156322 6.53201e-22 0.59 0.408144 0 
-14.3944 0.000300142 0.00160276 7.21937e-22 0.589972 0.408125 0 
-14.3694 0.000307733 0.00164329 7.97905e-22 0.589944 0.408105 0 
-14.3443 0.000315515 0.00168485 8.81866e-22 0.589915 0.408085 0 
-14.3193 0.000323494 0.00172746 9.74661e-22 0.589885 0.408064 0 
-14.2943 0.000331674 0.00177114 1.07722e-21 0.589854 0.408043 0 
-14.2693 0.000340061 0.00181593 1.19057e-21 0.589823 0.408021 0 
-14.2442 0.00034866 0.00186184 1.31584e-21 0.589791 0.407999 0 
-14.2192 0.000357475 0.00190892 1.45429e-21 0.589758 0.407976 0 
-14.1942 0.000366513 0.00195718 1.60731e-21 0.589724 0.407953 0 
-14.1692 0.000375778 0.00200666 1.77643e-21 0.589689 0.407929 0 
-14.1441 0.000385277 0.00205738 1.96333e-21 0.589653 0.407904 0 
-14.1191 0.000395016 0.00210939 2.1699e-21 0.589617 0.407879 0 
-14.0941 0.000405 0.0021627 2.3982e-21 0.58958 0.407853 0 
-14.0691 0.000415236 0.00221736 2.65051e-21 0.589541 0.407826 0 
-14.044 0.00042573 0.0022734 2.92937e-21 0.589502 0.407799 0 
-14.019 0.000436489 0.00233085 3.23755e-21 0.589462 0.407771 0 
-13.994 0.000447519 0.00238975 3.57816e-21 0.58942 0.407743 0 
-13.969 0.000458826 0.00245013 3.95459e-21 0.589378 0.407713 0 
-13.9439 0.000470418 0.00251203 4.37061e-21 0.589334 0.407683 0 
-13.9189 0.000482303 0.0025755 4.83039e-21 0.58929 0.407652 0 
-13.8939 0.000494486 0.00264056 5.33853e-21 0.589244 0.407621 0 
-13.8689 0.000506977 0.00270726 5.90011e-21 0.589197 0.407588 0 
-13.8438 0.000519782 0.00277563 6.52075e-21 0.589149 0.407555 0 
-13.8188 0.000532909 0.00284573 7.20666e-21 0.5891 0.407521 0 
-13.7938 0.000546366 0.0029176 7.96471e-21 0.58905 0.407486 0 
-13.7688 0.000560162 0.00299127 8.80247e-21 0.588998 0.407451 0 
-13.7437 0.000574306 0.00306679 9.72833e-21 0.588945 0.407414 0 
-13.7187 0.000588805 0.00314422 1.07516e-20 0.588891 0.407376 0 
-13.6937 0.000603668 0.00322359 1.18824e-20 0.588835 0.407338 0 
-13.6687 0.000618906 0.00330496 1.31321e-20 0.588778 0.407298 0 
-13.6436 0.000634526 0.00338837 1.45132e-20 0.588719 0.407258 0 
-13.6186 0.000650539 0.00347388 1.60396e-20 0.588659 0.407216 0 
-13.5936 0.000666955 0.00356154 1.77264e-20 0.588598 0.407174 0 
-13.5686 0.000683783 0.0036514 1.95905e-20 0.588535 0.40713 0 
-13.5435 0.000701033 0.00374352 2.16507e-20 0.58847 0.407085 0 
-13.5185 0.000718717 0.00383795 2.39274e-20 0.588404 0.407039 0 
-13.4935 0.000736845 0.00393475 2.64435e-20 0.588336 0.406992 0 
-13.4685 0.000755428 0.00403398 2.9224e-20 0.588266 0.406944 0 
-13.4434 0.000774477 0.00413571 3.22968e-20 0.588195 0.406895 0 
-13.4184 0.000794004 0.00423998 3.56926e-20 0.588122 0.406844 0 
-13.3934 0.000814021 0.00434687 3.94454e-20 0.588047 0.406792 0 
-13.3684 0.000834539 0.00445644 4.35926e-20 0.58797 0.406739 0 
-13.3433 0.000855573 0.00456876 4.81756e-20 0.587891 0.406685 0 
-13.3183 0.000877133 0.00468389 5.32403e-20 0.58781 0.406629 0 
-13.2933 0.000899233 0.00480191 5.88372e-20 0.587727 0.406572 0 
-13.2683 0.000921887 0.00492288 6.50223e-20 0.587642 0.406513 0 
-13.2432 0.000945109 0.00504688 7.18573e-20 0.587555 0.406453 0 
-13.2182 0.000968911 0.00517399 7.94105e-20 0.587466 0.406391 0 
-13.1932 0.00099331 0.00530427 8.77573e-20 0.587375 0.406328 0 
-13.1682 0.00101832 0.00543782 9.6981e-20 0.587281 0.406263 0 
-13.1431 0.00104395 0.00557471 1.07174e-19 0.587185 0.406196 0 
-13.1181 0.00107023 0.00571502 1.18437e-19 0.587087 0.406128 0 
-13.0931 0.00109716 0.00585883 1.30884e-19 0.586986 0.406058 0 
-13.0681 0.00112476 0.00600624 1.44638e-19 0.586882 0.405987 0 
-13.043 0.00115306 0.00615733 1.59837e-19 0.586776 0.405913 0 
-13.018 0.00118206 0.00631219 1.76632e-19 0.586667 0.405838 0 
-12.993 0.00121178 0.00647092 1.95191e-19 0.586556 0.405761 0 
-12.968 0.00124225 0.00663361 2.15699e-19 0.586442 0.405682 0 
-12.9429 0.00127347 0.00680035 2.38361e-19 0.586325 0.405601 0 
-12.9179 0.00130548 0.00697125 2.63402e-19 0.586205 0.405518 0 
-12.8929 0.00133828 0.00714641 2.91073e-19 0.586082 0.405433 0 
-12.8679 0.0013719 0.00732593 3.21648e-19 0.585956 0.405346 0 
-12.8428 0.00140635 0.00750992 3.55433e-19 0.585827 0.405257 0 
-12.8178 0.00144166 0.00769849 3.92765e-19 0.585695 0.405165 0 
-12.7928 0.00147785 0.00789174 4.34015e-19 0.585559 0.405071 0 
-12.7678 0.00151494 0.00808981 4.79595e-19 0.58542 0.404975 0 
-12.7427 0.00155296 0.00829279 5.29959e-19 0.585277 0.404877 0 
-12.7177 0.00159191 0.00850081 5.85608e-19 0.585132 0.404776 0 
-12.6927 0.00163184 0.008714 6.47096e-19 0.584982 0.404672 0 
-12.6677 0.00167275 0.00893248 7.15036e-19 0.584829 0.404566 0 
-12.6426 0.00171468 0.00915638 7.90104e-19 0.584671 0.404458 0 
-12.6176 0.00175764 0.00938582 8.73046e-19 0.58451 0.404346 0 
-12.5926 0.00180168 0.00962095 9.6469e-19 0.584345 0.404232 0 
-12.5676 0.0018468 0.0098619 1.06595e-18 0.584176 0.404115 0 
-12.5425 0.00189303 0.0101088 1.17782e-18 0.584003 0.403995 0 
-12.5175 0.00194042 0.0103618 1.30143e-18 0.583825 0.403872 0 
-12.4925 0.00198897 0.0106211 1.43799e-18 0.583644 0.403746 0 
-12.4675 0.00203872 0.0108868 1.58888e-18 0.583457 0.403617 0 
-12.4424 0.0020897 0.011159 1.75559e-18 0.583266 0.403485 0 
-12.4174 0.00214193 0.0114379 1.93977e-18 0.58307 0.40335 0 
-12.3924 0.00219545 0.0117237 2.14325e-18 0.58287 0.403211 0 
-12.3674 0.00225029 0.0120166 2.36806e-18 0.582664 0.403069 0 
-12.3423 0.00230648 0.0123166 2.61643e-18 0.582454 0.402923 0 
-12.3173 0.00236406 0.0126241 2.89082e-18 0.582238 0.402774 0 
-12.2923 0.00242304 0.0129391 3.19395e-18 0.582017 0.402621 0 
-12.2673 0.00248348 0.0132618 3.52884e-18 0.58179 0.402464 0 
-12.2422 0.0025454 0.0135924 3.89881e-18 0.581558 0.402304 0 
-12.2172 0.00260883 0.0139312 4.30752e-18 0.581321 0.402139 0 
-12.1922 0.00267382 0.0142782 4.75903e-18 0.581077 0.401971 0 
-12.1672 0.0027404 0.0146337 5.25781e-18 0.580827 0.401798 0 
-12.1421 0.00280861 0.014998 5.8088e-18 0.580572 0.401622 0 
-12.1171 0.00287848 0.0153711 6.41747e-18 0.58031 0.40144 0 
-12.0921 0.00295006 0.0157533 7.08983e-18 0.580042 0.401255 0 
-12.0671 0.00302338 0.0161449 7.83254e-18 0.579767 0.401065 0 
-12.042 0.00309849 0.016546 8.65296e-18 0.579486 0.40087 0 
-12.017 0.00317543 0.0169568 9.5592e-18 0.579197 0.400671 0 
-11.992 0.00325424 0.0173776 1.05602e-17 0.578902 0.400466 0 
-11.967 0.00333496 0.0178087 1.16659e-17 0.578599 0.400257 0 
-11.9419 0.00341764 0.0182502 1.28872e-17 0.578289 0.400043 0 
-11.9169 0.00350232 0.0187024 1.42362e-17 0.577972 0.399823 0 
-11.8919 0.00358905 0.0191655 1.57261e-17 0.577647 0.399598 0 
-11.8669 0.00367788 0.0196399 1.73718e-17 0.577314 0.399368 0 
-11.8418 0.00376886 0.0201257 1.91894e-17 0.576973 0.399132 0 
-11.8168 0.00386202 0.0206232 2.11969e-17 0.576624 0.398891 0 
-11.7918 0.00395743 0.0211327 2.3414e-17 0.576267 0.398643 0 
-11.7668 0.00405514 0.0216545 2.58626e-17 0.5759 0.39839 0 
-11.7417 0.00415519 0.0221887 2.85668e-17 0.575525 0.398131 0 
-11.7167 0.00425765 0.0227358 3.15533e-17 0.575142 0.397865 0 
-11.6917 0.00436256 0.023296 3.48515e-17 0.574748 0.397593 0 
-11.6667 0.00446997 0.0238697 3.84937e-17 0.574346 0.397315 0 
-11.6416 0.00457996 0.024457 4.25158e-17 0.573934 0.397029 0 
-11.6166 0.00469256 0.0250583 4.69574e-17 0.573512 0.396738 0 
-11.5916 0.00480785 0.0256739 5.18621e-17 0.57308 0.396439 0 
-11.5666 0.00492588 0.0263042 5.72779e-17 0.572637 0.396133 0 
-11.5415 0.00504671 0.0269495 6.32582e-17 0.572184 0.395819 0 
-11.5165 0.00517041 0.02761 6.98615e-17 0.571721 0.395499 0 
-11.4915 0.00529703 0.0282861 7.71525e-17 0.571246 0.39517 0 
-11.4665 0.00542664 0.0289783 8.52027e-17 0.570761 0.394834 0 
-11.4414 0.00555931 0.0296867 9.4091e-17 0.570263 0.394491 0 
-11.4164 0.0056951 0.0304119 1.03904e-16 0.569755 0.394138 0 
-11.3914 0.00583408 0.031154 1.14738e-16 0.569234 0.393778 0 
-11.3664 0.00597632 0.0319136 1.26699e-16 0.568701 0.393409 0 
-11.3413 0.00612189 0.0326909 1.39904e-16 0.568155 0.393032 0 
-11.3163 0.00627085 0.0334864 1.54482e-16 0.567597 0.392646 0 
-11.2913 0.00642329 0.0343004 1.70574e-16 0.567026 0.392251 0 
-11.2663 0.00657927 0.0351333 1.88338e-16 0.566441 0.391846 0 
-11.2412 0.00673887 0.0359856 2.07947e-16 0.565843 0.391433 0 
-11.2162 0.00690217 0.0368576 2.29591e-16 0.565231 0.391009 0 
-11.1912 0.00706924 0.0377497 2.53481e-16 0.564605 0.390576 0 
-11.1662 0.00724015 0.0386624 2.79851e-16 0.563964 0.390133 0 
-11.1411 0.007415 0.0395961 3.08954e-16 0.563309 0.38968 0 
-11.1161 0.00759385 0.0405512 3.41075e-16 0.562639 0.389216 0 
-11.0911 0.0077768 0.0415281 3.76525e-16 0.561953 0.388742 0 
-11.0661 0.00796392 0.0425273 4.15646e-16 0.561252 0.388257 0 
-11.041 0.0081553 0.0435493 4.58819e-16 0.560535 0.387761 0 
-11.016 0.00835102 0.0445944 5.06461e-16 0.559801 0.387253 0 
-10.991 0.00855117 0.0456632 5.59032e-16 0.559051 0.386734 0 
-10.966 0.00875583 0.0467561 6.1704e-16 0.558284 0.386204 0 
-10.9409 0.0089651 0.0478736 6.81045e-16 0.5575 0.385661 0 
-10.9159 0.00917906 0.0490162 7.51664e-16 0.556698 0.385107 0 
-10.8909 0.00939781 0.0501843 8.29577e-16 0.555878 0.384539 0 
-10.8659 0.00962143 0.0513784 9.15533e-16 0.55504 0.38396 0 
-10.8408 0.00985002 0.0525991 1.01036e-15 0.554184 0.383367 0 
-10.8158 0.0100837 0.0538468 1.11497e-15 0.553308 0.382761 0 
-10.7908 0.0103225 0.055122 1.23036e-15 0.552413 0.382142 0 
-10.7658 0.0105665 0.0564252 1.35764e-15 0.551499 0.38151 0 
-10.7407 0.0108159 0.0577571 1.49803e-15 0.550564 0.380863 0 
-10.7157 0.0110708 0.0591179 1.65288e-15 0.549609 0.380202 0 
-10.6907 0.0113312 0.0605084 1.82365e-15 0.548633 0.379527 0 
-10.6657 0.0115972 0.061929 2.01199e-15 0.547636 0.378838 0 
-10.6406 0.011869 0.0633802 2.21968e-15 0.546618 0.378133 0 
-10.6156 0.0121466 0.0648627 2.4487e-15 0.545577 0.377413 0 
-10.5906 0.0124301 0.0663768 2.70123e-15 0.544515 0.376678 0 
-10.5656 0.0127197 0.0679232 2.97967e-15 0.543429 0.375928 0 
-10.5405 0.0130154 0.0695024 3.28665e-15 0.542321 0.375161 0 
-10.5155 0.0133174 0.0711149 3.6251e-15 0.54119 0.374378 0 
-10.4905 0.0136257 0.0727614 3.9982e-15 0.540034 0.373579 0 
-10.4655 0.0139405 0.0744422 4.40948e-15 0.538855 0.372763 0 
-10.4404 0.0142618 0.0761581 4.86283e-15 0.53765 0.37193 0 
-10.4154 0.0145898 0.0779095 5.36251e-15 0.536421 0.37108 0 
-10.3904 0.0149245 0.0796969 5.91322e-15 0.535167 0.370212 0 
-10.3654 0.0152661 0.0815211 6.52014e-15 0.533887 0.369326 0 
-10.3403 0.0156147 0.0833823 7.18896e-15 0.53258 0.368423 0 
-10.3153 0.0159703 0.0852814 7.92594e-15 0.531248 0.367501 0 
-10.2903 0.0163331 0.0872187 8.73798e-15 0.529888 0.36656 0 
-10.2653 0.0167032 0.0891948 9.63265e-15 0.528501 0.365601 0 
-10.2402 0.0170806 0.0912103 1.06183e-14 0.527087 0.364622 0 
-10.2152 0.0174655 0.0932657 1.17041e-14 0.525644 0.363624 0 
-10.1902 0.017858 0.0953616 1.29001e-14 0.524174 0.362607 0 
-10.1652 0.0182581 0.0974984 1.42175e-14 0.522674 0.36157 0 
-10.1401 0.018666 0.0996767 1.56683e-14 0.521145 0.360512 0 
-10.1151 0.0190818 0.101897 1.72661e-14 0.519587 0.359434 0 
-10.0901 0.0195056 0.10416 1.90256e-14 0.517999 0.358336 0 
-10.0651 0.0199374 0.106466 2.0963e-14 0.516381 0.357216 0 
-10.04 0.0203773 0.108815 2.3096e-14 0.514732 0.356076 0 
-10.015 0.0208255 0.111208 2.54443e-14 0.513052 0.354914 0 
-9.98999 0.0212821 0.113646 2.80293e-14 0.511342 0.35373 0 
-9.96496 0.021747 0.116129 3.08747e-14 0.509599 0.352525 0 
-9.93994 0.0222205 0.118657 3.40065e-14 0.507825 0.351297 0 
-9.91491 0.0227025 0.121231 3.7453e-14 0.506018 0.350048 0 
-9.88989 0.0231932 0.123852 4.12457e-14 0.504179 0.348776 0 
-9.86486 0.0236927 0.126519 4.54189e-14 0.502308 0.347481 0 
-9.83984 0.0242009 0.129233 5.00103e-14 0.500403 0.346163 0 
-9.81481 0.0247181 0.131995 5.50613e-14 0.498465 0.344822 0 
-9.78979 0.0252442 0.134804 6.06175e-14 0.496493 0.343459 0 
-9.76476 0.0257794 0.137662 6.67288e-14 0.494488 0.342071 0 
-9.73974 0.0263236 0.140568 7.34499e-14 0.492448 0.34066 0 
-9.71471 0.026877 0.143523 8.0841e-14 0.490374 0.339226 0 
-9.68969 0.0274396 0.146528 8.89679e-14 0.488266 0.337767 0 
-9.66466 0.0280115 0.149581 9.79029e-14 0.486123 0.336285 0 
-9.63964 0.0285926 0.152685 1.07725e-13 0.483945 0.334778 0 
-9.61461 0.0291831 0.155838 1.18523e-13 0.481732 0.333247 0 
-9.58959 0.029783 0.159041 1.30389e-13 0.479484 0.331692 0 
-9.56456 0.0303923 0.162295 1.43431e-13 0.4772 0.330112 0 
-9.53954 0.031011 0.165599 1.57761e-13 0.474882 0.328508 0 
-9.51451 0.0316393 0.168954 1.73506e-13 0.472527 0.32688 0 
-9.48949 0.0322769 0.172359 1.90803e-13 0.470138 0.325227 0 
-9.46446 0.0329241 0.175815 2.09803e-13 0.467712 0.323549 0 
-9.43944 0.0335808 0.179322 2.30671e-13 0.465251 0.321846 0 
-9.41441 0.034247 0.182879 2.53589e-13 0.462755 0.320119 0 
-9.38939 0.0349227 0.186487 2.78753e-13 0.460222 0.318368 0 
-9.36436 0.0356079 0.190146 3.06382e-13 0.457655 0.316591 0 
-9.33934 0.0363026 0.193856 3.36712e-13 0.455051 0.31479 0 
-9.31431 0.0370067 0.197616 3.70003e-13 0.452413 0.312965 0 
-9.28929 0.0377202 0.201426 4.06541e-13 0.449739 0.311115 0 
-9.26426 0.0384431 0.205286 4.46635e-13 0.44703 0.309241 0 
-9.23924 0.0391753 0.209196 4.90627e-13 0.444286 0.307343 0 
-9.21421 0.0399168 0.213156 5.3889e-13 0.441507 0.305421 0 
-9.18919 0.0406675 0.217164 5.91829e-13 0.438694 0.303475 0 
-9.16416 0.0414274 0.221222 6.49892e-13 0.435846 0.301505 0 
-9.13914 0.0421963 0.225328 7.13564e-13 0.432964 0.299511 0 
-9.11411 0.0429743 0.229483 7.83379e-13 0.430049 0.297494 0 
-9.08909 0.0437611 0.233685 8.59917e-13 0.4271 0.295454 0 
-9.06406 0.0445568 0.237933 9.43814e-13 0.424118 0.293392 0 
-9.03904 0.0453612 0.242229 1.03577e-12 0.421104 0.291306 0 
-9.01401 0.0461742 0.24657 1.13653e-12 0.418057 0.289199 0 
-8.98899 0.0469956 0.250957 1.24694e-12 0.414978 0.287069 0 
-8.96396 0.0478255 0.255388 1.36789e-12 0.411869 0.284918 0 
-8.93894 0.0486635 0.259863 1.50037e-12 0.408728 0.282745 0 
-8.91391 0.0495096 0.264381 1.64547e-12 0.405557 0.280552 0 
-8.88889 0.0503636 0.268941 1.80435e-12 0.402357 0.278338 0 
-8.86386 0.0512253 0.273543 1.97831e-12 0.399127 0.276104 0 
-8.83884 0.0520947 0.278186 2.16874e-12 0.395869 0.27385 0 
-8.81381 0.0529715 0.282868 2.37718e-12 0.392584 0.271577 0 
-8.78879 0.0538555 0.287588 2.60528e-12 0.389271 0.269285 0 
-8.76376 0.0547465 0.292346 2.85486e-12 0.385932 0.266975 0 
-8.73874 0.0556444 0.297141 3.12792e-12 0.382567 0.264648 0 
-8.71371 0.0565489 0.301971 3.42659e-12 0.379177 0.262303 0 
-8.68869 0.0574599 0.306836 3.75325e-12 0.375763 0.259941 0 
-8.66366 0.0583771 0.311734 4.11045e-12 0.372326 0.257563 0 
-8.63864 0.0593002 0.316663 4.50099e-12 0.368866 0.25517 0 
-8.61361 0.0602291 0.321624 4.92792e-12 0.365385 0.252762 0 
-8.58859 0.0611635 0.326613 5.39454e-12 0.361883 0.25034 0 
-8.56356 0.0621032 0.331631 5.90446e-12 0.358362 0.247904 0 
-8.53854 0.0630479 0.336676 6.46162e-12 0.354822 0.245455 0 
-8.51351 0.0639973 0.341746 7.07029e-12 0.351264 0.242993 0 
-8.48849 0.0649512 0.34684 7.73513e-12 0.347689 0.24052 0 
-8.46346 0.0659094 0.351956 8.46121e-12 0.344098 0.238036 0 
-8.43844 0.0668715 0.357094 9.25402e-12 0.340493 0.235542 0 
-8.41341 0.0678372 0.362251 1.01196e-11 0.336873 0.233039 0 
-8.38839 0.0688064 0.367426 1.10644e-11 0.333241 0.230526 0 
-8.36336 0.0697786 0.372618 1.20956e-11 0.329598 0.228006 0 
-8.33834 0.0707537 0.377825 1.32208e-11 0.325944 0.225478 0 
-8.31331 0.0717312 0.383045 1.44485e-11 0.32228 0.222944 0 
-8.28829 0.072711 0.388277 1.57877e-11 0.318609 0.220404 0 
-8.26326 0.0736927 0.393519 1.72483e-11 0.31493 0.217859 0 
-8.23824 0.074676 0.39877 1.88412e-11 0.311245 0.215309 0 
-8.21321 0.0756606 0.404028 2.05779e-11 0.307555 0.212757 0 
-8.18819 0.0766462 0.409291 2.24713e-11 0.303861 0.210202 0 
-8.16316 0.0776325 0.414558 2.45349e-11 0.300165 0.207645 0 
-8.13814 0.0786192 0.419827 2.6784e-11 0.296467 0.205087 0 
-8.11311 0.079606 0.425096 2.92345e-11 0.292769 0.202529 0 
-8.08809 0.0805925 0.430364 3.19044e-11 0.289072 0.199971 0 
-8.06306 0.0815785 0.435629 3.48126e-11 0.285377 0.197415 0 
-8.03804 0.0825637 0.44089 3.79799e-11 0.281685 0.194861 0 
-8.01301 0.0835477 0.446144 4.14289e-11 0.277998 0.19231 0 
-7.98799 0.0845302 0.451391 4.51841e-11 0.274316 0.189763 0 
-7.96296 0.085511 0.456628 4.9272e-11 0.27064 0.18722 0 
-7.93794 0.0864897 0.461855 5.37214e-11 0.266972 0.184683 0 
-7.91291 0.087466 0.467068 5.85635e-11 0.263314 0.182152 0 
-7.88789 0.0884397 0.472268 6.38322e-11 0.259665 0.179628 0 
-7.86286 0.0894104 0.477451 6.95642e-11 0.256027 0.177111 0 
-7.83784 0.0903779 0.482618 7.57991e-11 0.252401 0.174603 0 
-7.81281 0.0913418 0.487765 8.25803e-11 0.248789 0.172104 0 
-7.78779 0.0923019 0.492892 8.99544e-11 0.245191 0.169615 0 
-7.76276 0.093258 0.497998 9.79721e-11 0.241608 0.167137 0 
-7.73774 0.0942097 0.50308 1.06688e-10 0.238041 0.164669 0 
-7.71271 0.0951568 0.508137 1.16162e-10 0.234492 0.162214 0 
-7.68769 0.096099 0.513168 1.26459e-10 0.230961 0.159772 0 
-7.66266 0.097036 0.518172 1.37647e-10 0.227449 0.157342 0 
-7.63764 0.0979677 0.523147 1.49804e-10 0.223958 0.154927 0 
-7.61261 0.0988937 0.528092 1.6301e-10 0.220487 0.152526 0 
-7.58759 0.0998139 0.533006 1.77354e-10 0.217039 0.150141 0 
-7.56256 0.100728 0.537887 1.92932e-10 0.213614 0.147771 0 
-7.53754 0.101636 0.542735 2.09848e-10 0.210212 0.145418 0 
-7.51251 0.102537 0.547547 2.28215e-10 0.206834 0.143082 0 
-7.48749 0.103431 0.552324 2.48153e-10 0.203482 0.140763 0 
-7.46246 0.104319 0.557063 2.69796e-10 0.200156 0.138462 0 
-7.43744 0.105199 0.561764 2.93285e-10 0.196857 0.136179 0 
-7.41241 0.106072 0.566427 3.18775e-10 0.193585 0.133916 0 
-7.38739 0.106938 0.571049 3.46432e-10 0.190341 0.131672 0 
-7.36236 0.107796 0.57563 3.76438e-10 0.187126 0.129448 0 
-7.33734 0.108646 0.580169 4.08987e-10 0.183941 0.127244 0 
-7.31231 0.109488 0.584665 4.4429e-10 0.180785 0.125062 0 
-7.28729 0.110322 0.589119 4.82577e-10 0.17766 0.1229 0 
-7.26226 0.111147 0.593527 5.24095e-10 0.174566 0.120759 0 
-7.23724 0.111965 0.597891 5.69109e-10 0.171503 0.118641 0 
-7.21221 0.112773 0.60221 6.17911e-10 0.168473 0.116544 0 
-7.18719 0.113573 0.606482 6.70812e-10 0.165475 0.11447 0 
-7.16216 0.114365 0.610707 7.28149e-10 0.162509 0.112419 0 
-7.13714 0.115147 0.614885 7.90289e-10 0.159577 0.110391 0 
-7.11211 0.11592 0.619015 8.57627e-10 0.156679 0.108386 0 
-7.08709 0.116685 0.623097 9.30588e-10 0.153814 0.106404 0 
-7.06206 0.11744 0.62713 1.00963e-09 0.150984 0.104446 0 
-7.03704 0.118186 0.631114 1.09526e-09 0.148188 0.102512 0 
-7.01201 0.118923 0.635049 1.18802e-09 0.145427 0.100602 0 
-6.98699 0.119651 0.638934 1.28848e-09 0.1427 0.0987155 0 
-6.96196 0.120369 0.642769 1.39727e-09 0.140009 0.0968536 0 
-6.93694 0.121078 0.646554 1.51508e-09 0.137352 0.0950162 0 
-6.91191 0.121777 0.650288 1.64263e-09 0.134732 0.0932031 0 
-6.88689 0.122467 0.653972 1.78073e-09 0.132146 0.0914146 0 
-6.86186 0.123147 0.657606 1.93023e-09 0.129596 0.0896507 0 
-6.83684 0.123818 0.661189 2.09206e-09 0.127082 0.0879114 0 
-6.81181 0.124479 0.66472 2.26721e-09 0.124603 0.0861967 0 
-6.78679 0.125131 0.668202 2.45678e-09 0.12216 0.0845067 0 
-6.76176 0.125774 0.671632 2.66192e-09 0.119753 0.0828412 0 
-6.73674 0.126407 0.675012 2.88389e-09 0.117381 0.0812004 0 
-6.71171 0.12703 0.678341 3.12407e-09 0.115044 0.0795842 0 
-6.68669 0.127644 0.68162 3.38391e-09 0.112744 0.0779925 0 
-6.66166 0.128249 0.684848 3.66502e-09 0.110478 0.0764252 0 
-6.63664 0.128844 0.688026 3.96909e-09 0.108248 0.0748823 0 
-6.61161 0.12943 0.691154 4.298e-09 0.106052 0.0733636 0 
-6.58659 0.130006 0.694233 4.65372e-09 0.103892 0.0718692 0 
-6.56156 0.130573 0.697262 5.03844e-09 0.101766 0.0703988 0 
-6.53654 0.131131 0.700241 5.45447e-09 0.0996753 0.0689523 0 
-6.51151 0.13168 0.703172 5.90433e-09 0.0976187 0.0675296 0 
-6.48649 0.13222 0.706053 6.39075e-09 0.0955963 0.0661306 0 
-6.46146 0.13275 0.708887 6.91665e-09 0.0936078 0.064755 0 
-6.43644 0.133272 0.711672 7.4852e-09 0.0916531 0.0634028 0 
-6.41141 0.133785 0.71441 8.09983e-09 0.0897318 0.0620737 0 
-6.38639 0.134288 0.7171 8.76421e-09 0.0878437 0.0607675 0 
-6.36136 0.134783 0.719744 9.48234e-09 0.0859885 0.0594842 0 
-6.33634 0.13527 0.722341 1.02585e-08 0.0841659 0.0582234 0 
-6.31131 0.135748 0.724892 1.10974e-08 0.0823757 0.056985 0 
-6.28629 0.136217 0.727397 1.20039e-08 0.0806175 0.0557687 0 
-6.26126 0.136677 0.729857 1.29836e-08 0.078891 0.0545743 0 
-6.23624 0.13713 0.732273 1.40422e-08 0.0771959 0.0534017 0 
-6.21121 0.137574 0.734644 1.5186e-08 0.0755318 0.0522506 0 
-6.18619 0.13801 0.736971 1.64218e-08 0.0738985 0.0511207 0 
-6.16116 0.138437 0.739255 1.7757e-08 0.0722955 0.0500118 0 
-6.13614 0.138857 0.741497 1.91995e-08 0.0707225 0.0489236 0 
-6.11111 0.139269 0.743696 2.07577e-08 0.0691792 0.047856 0 
-6.08609 0.139673 0.745853 2.2441e-08 0.0676652 0.0468087 0 
-6.06106 0.140069 0.747969 2.42593e-08 0.0661801 0.0457813 0 
-6.03604 0.140458 0.750045 2.62232e-08 0.0647236 0.0447738 0 
-6.01101 0.140839 0.75208 2.83444e-08 0.0632953 0.0437857 0 
-5.98599 0.141213 0.754076 3.06354e-08 0.0618948 0.0428169 0 
-5.96096 0.141579 0.756032 3.31095e-08 0.0605217 0.041867 0 
-5.93594 0.141938 0.75795 3.57815e-08 0.0591757 0.0409359 0 
-5.91091 0.14229 0.75983 3.86668e-08 0.0578563 0.0400232 0 
-5.88589 0.142635 0.761673 4.17826e-08 0.0565633 0.0391287 0 
-5.86086 0.142973 0.763478 4.51469e-08 0.0552961 0.0382521 0 
-5.83584 0.143305 0.765248 4.87796e-08 0.0540545 0.0373932 0 
-5.81081 0.143629 0.766981 5.27018e-08 0.052838 0.0365517 0 
-5.78579 0.143947 0.768679 5.69365e-08 0.0516462 0.0357272 0 
-5.76076 0.144259 0.770343 6.15084e-08 0.0504788 0.0349196 0 
-5.73574 0.144564 0.771972 6.64441e-08 0.0493353 0.0341287 0 
-5.71071 0.144863 0.773568 7.17725e-08 0.0482155 0.033354 0 
-5.68569 0.145155 0.77513 7.75245e-08 0.0471189 0.0325954 0 
-5.66066 0.145442 0.77666 8.37337e-08 0.0460451 0.0318525 0 
-5.63564 0.145723 0.778158 9.04361e-08 0.0449937 0.0311252 0 
-5.61061 0.145997 0.779625 9.76707e-08 0.0439644 0.0304132 0 
-5.58559 0.146266 0.781061 1.05479e-07 0.0429568 0.0297162 0 
-5.56056 0.146529 0.782466 1.13908e-07 0.0419705 0.0290339 0 
-5.53554 0.146787 0.783842 1.23004e-07 0.0410052 0.0283661 0 
-5.51051 0.147039 0.785188 1.32822e-07 0.0400605 0.0277126 0 
-5.48549 0.147286 0.786505 1.43418e-07 0.039136 0.027073 0 
-5.46046 0.147527 0.787794 1.54853e-07 0.0382313 0.0264472 0 
-5.43544 0.147763 0.789056 1.67193e-07 0.0373461 0.0258349 0 
-5.41041 0.147994 0.79029 1.8051e-07 0.0364801 0.0252358 0 
-5.38539 0.14822 0.791497 1.94881e-07 0.0356329 0.0246497 0 
-5.36036 0.148442 0.792678 2.10389e-07 0.0348041 0.0240764 0 
-5.33534 0.148658 0.793833 2.27122e-07 0.0339934 0.0235156 0 
-5.31031 0.148869 0.794963 2.45178e-07 0.0332004 0.022967 0 
-5.28529 0.149076 0.796068 2.64661e-07 0.0324249 0.0224305 0 
-5.26026 0.149279 0.797149 2.85682e-07 0.0316665 0.0219059 0 
-5.23524 0.149477 0.798205 3.08364e-07 0.0309248 0.0213928 0 
-5.21021 0.14967 0.799239 3.32836e-07 0.0301995 0.0208911 0 
-5.18519 0.149859 0.800249 3.59239e-07 0.0294904 0.0204006 0 
-5.16016 0.150044 0.801237 3.87725e-07 0.0287971 0.0199209 0 
-5.13514 0.150225 0.802203 4.18458e-07 0.0281192 0.019452 0 
-5.11011 0.150402 0.803147 4.51614e-07 0.0274566 0.0189936 0 
-5.08509 0.150575 0.80407 4.87384e-07 0.0268088 0.0185455 0 
-5.06006 0.150744 0.804973 5.25972e-07 0.0261755 0.0181074 0 
-5.03504 0.150909 0.805855 5.67601e-07 0.0255566 0.0176793 0 
-5.01001 0.151071 0.806716 6.12508e-07 0.0249516 0.0172608 0 
-4.98498 0.151228 0.807559 6.60952e-07 0.0243604 0.0168518 0 
-4.95996 0.151382 0.808382 7.1321e-07 0.0237825 0.016452 0 
-4.93493 0.151533 0.809187 7.6958e-07 0.0232179 0.0160614 0 
-4.90991 0.15168 0.809973 8.30387e-07 0.022666 0.0156797 0 
-4.88488 0.151824 0.810741 8.95977e-07 0.0221268 0.0153067 0 
-4.85986 0.151965 0.811492 9.66726e-07 0.0216 0.0149422 0 
-4.83483 0.152102 0.812226 1.04304e-06 0.0210852 0.0145861 0 
-4.80981 0.152236 0.812942 1.12535e-06 0.0205822 0.0142381 0 
-4.78478 0.152367 0.813642 1.21413e-06 0.0200908 0.0138982 0 
-4.75976 0.152496 0.814326 1.30989e-06 0.0196107 0.0135661 0 
-4.73473 0.152621 0.814994 1.41318e-06 0.0191418 0.0132417 0 
-4.70971 0.152743 0.815647 1.52458e-06 0.0186836 0.0129248 0 
-4.68468 0.152862 0.816285 1.64473e-06 0.0182361 0.0126152 0 
-4.65966 0.152979 0.816907 1.77431e-06 0.017799 0.0123128 0 
-4.63463 0.153093 0.817516 1.91407e-06 0.017372 0.0120174 0 
-4.60961 0.153204 0.81811 2.0648e-06 0.016955 0.0117289 0 
-4.58458 0.153313 0.81869 2.22736e-06 0.0165477 0.0114472 0 
-4.55956 0.153419 0.819257 2.40268e-06 0.0161499 0.011172 0 
-4.53453 0.153523 0.81981 2.59175e-06 0.0157614 0.0109033 0 
-4.50951 0.153624 0.820351 2.79566e-06 0.015382 0.0106408 0 
-4.48448 0.153723 0.820878 3.01556e-06 0.0150115 0.0103845 0 
-4.45946 0.153819 0.821394 3.25271e-06 0.0146497 0.0101342 0 
-4.43443 0.153913 0.821897 3.50846e-06 0.0142964 0.00988979 0 
-4.40941 0.154005 0.822388 3.78426e-06 0.0139514 0.00965114 0 
-4.38438 0.154095 0.822868 4.08168e-06 0.0136145 0.00941811 0 
-4.35936 0.154183 0.823337 4.40241e-06 0.0132856 0.00919057 0 
-4.33433 0.154269 0.823794 4.74828e-06 0.0129645 0.00896841 0 
-4.30931 0.154352 0.82424 5.12125e-06 0.0126509 0.0087515 0 
-4.28428 0.154434 0.824676 5.52345e-06 0.0123448 0.00853972 0 
-4.25926 0.154513 0.825102 5.95716e-06 0.0120459 0.00833297 0 
-4.23423 0.154591 0.825517 6.42484e-06 0.0117541 0.00813111 0 
-4.20921 0.154667 0.825923 6.92916e-06 0.0114692 0.00793405 0 
-4.18418 0.154741 0.826318 7.47297e-06 0.0111911 0.00774167 0 
-4.15916 0.154814 0.826705 8.05937e-06 0.0109196 0.00755387 0 
-4.13413 0.154884 0.827082 8.69168e-06 0.0106546 0.00737054 0 
